%YAML:1.0
---
KL: !!opencv-matrix
   rows: 3
   cols: 3
   dt: d
   data: [ 3.3756514640462810e+03, 0., 1.5435000000000000e+03, 0.,
       3.3756514640462810e+03, 1.0315000000000000e+03, 0., 0., 1. ]
KR: !!opencv-matrix
   rows: 3
   cols: 3
   dt: d
   data: [ 3.3713287596397417e+03, 0., 1.5435000000000000e+03, 0.,
       3.3713287596397417e+03, 1.0315000000000000e+03, 0., 0., 1. ]
DL: !!opencv-matrix
   rows: 5
   cols: 1
   dt: d
   data: [ -3.9441204737048943e-02, -7.9389730997522751e-02, 0., 0.,
       1.0450607857805889e+00 ]
DR: !!opencv-matrix
   rows: 5
   cols: 1
   dt: d
   data: [ -3.9038533743182058e-02, -2.4003597805811763e-01, 0., 0.,
       1.7653227490414876e+00 ]
R: !!opencv-matrix
   rows: 3
   cols: 3
   dt: d
   data: [ 9.9992409368690371e-01, 7.0065290027270096e-03,
       1.0134861407940024e-02, -6.9405672147171615e-03,
       9.9995459930615849e-01, -6.5290009341348806e-03,
       -1.0180146912603966e-02, 6.4581636549321166e-03,
       9.9992732572474685e-01 ]
T: [ -8.9205724764838328e+02, -1.1949024575896259e+00,
    -5.5520599226675422e+01 ]
E: !!opencv-matrix
   rows: 3
   cols: 3
   dt: d
   data: [ -3.7318016816962052e-01, 5.5510361677325236e+01,
       -1.5573096631342145e+00, -6.4597658698200917e+01,
       5.3720450061510832e+00, 8.9142972445597798e+02,
       7.3861950436287573e+00, -8.9200837551166910e+02,
       5.8363527740017629e+00 ]
F: !!opencv-matrix
   rows: 3
   cols: 3
   dt: d
   data: [ -1.5234746228963956e-08, 2.2661608128320169e-06,
       -2.5286396975536534e-03, -2.6371415771617419e-06,
       2.1930892737602706e-07, 1.2669031246278586e-01,
       3.7602993083381358e-03, -1.2649246748813484e-01, 1. ]
RL: !!opencv-matrix
   rows: 3
   cols: 3
   dt: d
   data: [ 9.9735046624360690e-01, 8.7310055182912606e-03,
       7.2220613582963056e-02, -8.5039939285957190e-03,
       9.9995788821836773e-01, -3.4501995775690713e-03,
       -7.2247695955805435e-02, 2.8268944978930531e-03,
       9.9738271445647952e-01 ]
RR: !!opencv-matrix
   rows: 3
   cols: 3
   dt: d
   data: [ 9.9806788099969612e-01, 1.3369027234425123e-03,
       6.2118576995007738e-02, -1.5320817710106887e-03,
       9.9999403833415024e-01, 3.0945147608763025e-03,
       -6.2114069599597060e-02, -3.1837065295652472e-03,
       9.9806397909678624e-01 ]
PL: !!opencv-matrix
   rows: 3
   cols: 4
   dt: d
   data: [ 3.3734901118430116e+03, 0., 1.2695792846679688e+03, 0., 0.,
       3.3734901118430116e+03, 1.0323028564453125e+03, 0., 0., 0., 1.,
       0. ]
PR: !!opencv-matrix
   rows: 3
   cols: 4
   dt: d
   data: [ 3.3734901118430116e+03, 0., 1.2695792846679688e+03,
       -3.0151719752021865e+06, 0., 3.3734901118430116e+03,
       1.0323028564453125e+03, 0., 0., 0., 1., 0. ]
Q: !!opencv-matrix
   rows: 4
   cols: 4
   dt: d
   data: [ 1., 0., 0., -1.2695792846679688e+03, 0., 1., 0.,
       -1.0323028564453125e+03, 0., 0., 0., 3.3734901118430116e+03, 0.,
       0., 1.1188383745894951e-03, 0. ]
