<?xml version="1.0"?>
<opencv_storage>
<calibration_time>"Thu 28 Jan 2021 06:22:48 PM CET"</calibration_time>
<nr_of_frames>10</nr_of_frames>
<image_width>3088</image_width>
<image_height>2064</image_height>
<board_width>9</board_width>
<board_height>6</board_height>
<square_size>345.</square_size>
<fix_aspect_ratio>1.</fix_aspect_ratio>
<!-- flags: +fix_aspectRatio +fix_principal_point +zero_tangent_dist +fix_k4 +fix_k5 -->
<flags>6158</flags>
<fisheye_model>0</fisheye_model>
<camera_matrix type_id="opencv-matrix">
  <rows>3</rows>
  <cols>3</cols>
  <dt>d</dt>
  <data>
    3.3756514640462810e+03 0. 1.5435000000000000e+03 0.
    3.3756514640462810e+03 1.0315000000000000e+03 0. 0. 1.</data></camera_matrix>
<distortion_coefficients type_id="opencv-matrix">
  <rows>5</rows>
  <cols>1</cols>
  <dt>d</dt>
  <data>
    -3.9441204737048943e-02 -7.9389730997522751e-02 0. 0.
    1.0450607857805889e+00</data></distortion_coefficients>
<avg_reprojection_error>5.6747674085508015e-01</avg_reprojection_error>
<per_view_reprojection_errors type_id="opencv-matrix">
  <rows>10</rows>
  <cols>1</cols>
  <dt>f</dt>
  <data>
    6.62776947e-01 6.08470857e-01 5.68458557e-01 5.62660277e-01
    7.35260963e-01 3.56885940e-01 4.54247802e-01 5.34079790e-01
    5.63351870e-01 5.42340219e-01</data></per_view_reprojection_errors>
<!-- a set of 6-tuples (rotation vector + translation vector) for each view -->
<extrinsic_parameters type_id="opencv-matrix">
  <rows>10</rows>
  <cols>6</cols>
  <dt>d</dt>
  <data>
    5.4618292857917905e-01 4.9205285799897780e-01 5.0973296413803867e-02
    -5.3490149006103638e+02 -2.4592477731212002e+03
    1.5094194145973710e+04 4.8917993686532091e-01
    -5.1404629771819599e-01 -1.3616956231318716e-01
    -3.2567534364333710e+03 -1.7142048050954313e+03
    1.3322751328103521e+04 -6.1100195887621112e-01
    -4.0564616015369537e-01 -2.1574733772323504e-01
    -3.5992569558025575e+03 -1.4413607189173071e+01
    1.5100379473391875e+04 -2.5917827259331538e-01
    8.1868775918294512e-01 2.8049882006987020e-01 1.5720365872687821e+03
    4.4967296228939614e+02 1.6093499525066485e+04 2.6562335816830795e-01
    -6.7002567681777025e-01 -9.4545259065095408e-02
    1.3270871846582345e+03 9.8059321906794582e+02 1.5031935791238466e+04
    -3.7313596520258352e-01 -3.1683159654894689e-02
    4.0712324632597621e-02 2.9320172430621628e+03 2.4332880014868069e+03
    1.8398255829940506e+04 -4.5690928896883398e-01
    7.3150082845106879e-02 4.5045111255114172e-02 2.1224759950628809e+03
    2.2350675482066545e+03 1.5423388248658919e+04
    -1.6264371752676371e-01 5.9631648671695769e-01
    5.7466010230602965e-02 3.4221871034764399e+03 9.1336261765156337e+02
    1.5275205135771654e+04 -1.7215518879533823e-01
    2.8870610055930512e-01 8.2884277674266357e-02 2.5194476086177319e+03
    -9.3655460569759342e+01 1.6488164737036146e+04
    1.1844506190162535e-01 3.6715662170591934e-01 2.6376705221568703e-01
    2.5748931336712467e+03 -2.9562345552869092e+03
    1.5439897677308934e+04</data></extrinsic_parameters>
<image_points type_id="opencv-matrix">
  <rows>10</rows>
  <cols>54</cols>
  <dt>"2f"</dt>
  <data>
    1.42396716e+03 4.82098816e+02 1.49161243e+03 4.90385803e+02
    1.56026440e+03 4.98650146e+02 1.63040222e+03 5.07278870e+02
    1.70258862e+03 5.15634521e+02 1.77571912e+03 5.24652771e+02
    1.85125671e+03 5.33310730e+02 1.92737463e+03 5.42356018e+02
    2.00608691e+03 5.51031555e+02 1.43159961e+03 5.53414185e+02
    1.49816467e+03 5.62600830e+02 1.56616772e+03 5.71314575e+02
    1.63548865e+03 5.80754028e+02 1.70664856e+03 5.90032288e+02
    1.77871863e+03 5.99670288e+02 1.85350195e+03 6.09061035e+02
    1.92894812e+03 6.18600342e+02 2.00708655e+03 6.27617859e+02
    1.43941956e+03 6.23020386e+02 1.50553992e+03 6.32564636e+02
    1.57256555e+03 6.42122803e+02 1.64128296e+03 6.51833374e+02
    1.71174243e+03 6.61879761e+02 1.78328003e+03 6.71919556e+02
    1.85681543e+03 6.82005188e+02 1.93145984e+03 6.92251465e+02
    2.00788354e+03 7.02645020e+02 1.44686877e+03 6.91116516e+02
    1.51241016e+03 7.01319519e+02 1.57864783e+03 7.11358276e+02
    1.64661523e+03 7.21933594e+02 1.71624963e+03 7.32460510e+02
    1.78685107e+03 7.43082397e+02 1.85960193e+03 7.53895264e+02
    1.93332947e+03 7.64733582e+02 2.00861914e+03 7.75814148e+02
    1.45318420e+03 7.58416321e+02 1.51795227e+03 7.69370422e+02
    1.58424585e+03 7.79384827e+02 1.65070886e+03 7.91164551e+02
    1.71988440e+03 8.02149048e+02 1.79018579e+03 8.12908264e+02
    1.86117346e+03 8.25084473e+02 1.93442297e+03 8.36016968e+02
    2.00838464e+03 8.48337646e+02 1.46135095e+03 8.23039490e+02
    1.52551306e+03 8.34033264e+02 1.59022180e+03 8.45668274e+02
    1.65674780e+03 8.57023193e+02 1.72455542e+03 8.69211975e+02
    1.79364270e+03 8.81009705e+02 1.86452649e+03 8.92851929e+02
    1.93641211e+03 9.04842041e+02 2.00982092e+03 9.17250977e+02
    7.20799133e+02 5.98497009e+02 8.04557251e+02 5.82226807e+02
    8.86042297e+02 5.66221313e+02 9.66250427e+02 5.50754944e+02
    1.04470239e+03 5.35169983e+02 1.12106470e+03 5.20380005e+02
    1.19617261e+03 5.05208374e+02 1.26925085e+03 4.90637482e+02
    1.34054016e+03 4.76042480e+02 7.31018921e+02 6.78984619e+02
    8.14020813e+02 6.62406311e+02 8.94194946e+02 6.45610229e+02
    9.73394409e+02 6.29602600e+02 1.05096167e+03 6.13499756e+02
    1.12677100e+03 5.98001892e+02 1.20078296e+03 5.82048523e+02
    1.27318298e+03 5.67147461e+02 1.34315881e+03 5.51607056e+02
    7.40772461e+02 7.57589355e+02 8.22418579e+02 7.40046021e+02
    9.01899353e+02 7.23102600e+02 9.79778442e+02 7.06018555e+02
    1.05650476e+03 6.89469360e+02 1.13104089e+03 6.73206848e+02
    1.20447510e+03 6.56878662e+02 1.27582812e+03 6.41091003e+02
    1.34599561e+03 6.25672668e+02 7.50466248e+02 8.34268372e+02
    8.31022644e+02 8.16269104e+02 9.09418640e+02 7.98417236e+02
    9.86531250e+02 7.81117981e+02 1.06216638e+03 7.63957947e+02
    1.13586499e+03 7.46984680e+02 1.20850989e+03 7.30404907e+02
    1.27924109e+03 7.14190125e+02 1.34850220e+03 6.98147705e+02
    7.60704285e+02 9.09827332e+02 8.40275757e+02 8.91412354e+02
    9.17285278e+02 8.72471924e+02 9.93887573e+02 8.55263672e+02
    1.06862549e+03 8.37410522e+02 1.14104346e+03 8.19798950e+02
    1.21369763e+03 8.03092896e+02 1.28314795e+03 7.85832458e+02
    1.35250220e+03 7.69727478e+02 7.69360779e+02 9.82420410e+02
    8.47801941e+02 9.63193359e+02 9.24452698e+02 9.44707214e+02
    9.99667969e+02 9.26252808e+02 1.07372913e+03 9.08465698e+02
    1.14587561e+03 8.90622986e+02 1.21679199e+03 8.72762268e+02
    1.28605225e+03 8.55466553e+02 1.35391528e+03 8.38556885e+02
    7.40339111e+02 1.02879443e+03 8.16621826e+02 1.02274268e+03
    8.91128723e+02 1.01680078e+03 9.64650269e+02 1.01081506e+03
    1.03703955e+03 1.00534534e+03 1.10753894e+03 9.99956482e+02
    1.17734668e+03 9.94601807e+02 1.24537390e+03 9.88864502e+02
    1.31240344e+03 9.84409058e+02 7.55257568e+02 1.09094617e+03
    8.32513489e+02 1.08372559e+03 9.07547668e+02 1.07756104e+03
    9.81739807e+02 1.07085828e+03 1.05473083e+03 1.06443750e+03
    1.12611060e+03 1.05807898e+03 1.19627234e+03 1.05287109e+03
    1.26499353e+03 1.04661035e+03 1.33220117e+03 1.04192346e+03
    7.70455627e+02 1.15484875e+03 8.48472839e+02 1.14748975e+03
    9.24391785e+02 1.14041882e+03 9.99116211e+02 1.13339636e+03
    1.07262732e+03 1.12647437e+03 1.14445276e+03 1.11982764e+03
    1.21544177e+03 1.11316089e+03 1.28447083e+03 1.10686377e+03
    1.35263306e+03 1.10074744e+03 7.86273132e+02 1.22004443e+03
    8.64843262e+02 1.21224622e+03 9.41466675e+02 1.20421753e+03
    1.01691974e+03 1.19671265e+03 1.09122485e+03 1.18907129e+03
    1.16361523e+03 1.18174255e+03 1.23509497e+03 1.17450586e+03
    1.30489368e+03 1.16759900e+03 1.37339636e+03 1.16081592e+03
    8.02690979e+02 1.28518079e+03 8.82181824e+02 1.27710669e+03
    9.59202942e+02 1.26924158e+03 1.03581421e+03 1.25992310e+03
    1.11058081e+03 1.25176343e+03 1.18352893e+03 1.24473389e+03
