<?xml version="1.0"?>
<opencv_storage>
<calibration_time>"Thu 28 Jan 2021 06:22:07 PM CET"</calibration_time>
<nr_of_frames>12</nr_of_frames>
<image_width>3088</image_width>
<image_height>2064</image_height>
<board_width>9</board_width>
<board_height>6</board_height>
<square_size>345.</square_size>
<fix_aspect_ratio>1.</fix_aspect_ratio>
<!-- flags: +fix_aspectRatio +fix_principal_point +zero_tangent_dist +fix_k4 +fix_k5 -->
<flags>6158</flags>
<fisheye_model>0</fisheye_model>
<camera_matrix type_id="opencv-matrix">
  <rows>3</rows>
  <cols>3</cols>
  <dt>d</dt>
  <data>
    3.3713287596397417e+03 0. 1.5435000000000000e+03 0.
    3.3713287596397417e+03 1.0315000000000000e+03 0. 0. 1.</data></camera_matrix>
<distortion_coefficients type_id="opencv-matrix">
  <rows>5</rows>
  <cols>1</cols>
  <dt>d</dt>
  <data>
    -3.9038533743182058e-02 -2.4003597805811763e-01 0. 0.
    1.7653227490414876e+00</data></distortion_coefficients>
<avg_reprojection_error>5.3418538447879749e-01</avg_reprojection_error>
<per_view_reprojection_errors type_id="opencv-matrix">
  <rows>12</rows>
  <cols>1</cols>
  <dt>f</dt>
  <data>
    6.56722665e-01 6.79399252e-01 6.37558281e-01 5.85328043e-01
    7.10213780e-01 3.63742679e-01 5.04077077e-01 4.37213451e-01
    5.15201747e-01 3.51834536e-01 4.38196152e-01 3.45098555e-01</data></per_view_reprojection_errors>
<!-- a set of 6-tuples (rotation vector + translation vector) for each view -->
<extrinsic_parameters type_id="opencv-matrix">
  <rows>12</rows>
  <cols>6</cols>
  <dt>d</dt>
  <data>
    5.5744792783181019e-01 5.0212077066082617e-01 4.3446338678777084e-02
    -1.2864229610863129e+03 -2.5576472623629979e+03
    1.5035556915727340e+04 4.9388117091313943e-01
    -4.9897903849920144e-01 -1.4638676915829560e-01
    -4.0240263552414599e+03 -1.7758489730868403e+03
    1.3272467274577635e+04 -6.1069004243918990e-01
    -3.9108485851075858e-01 -2.2224679177341725e-01
    -4.3252527629632614e+03 -9.1061799295931195e+01
    1.5033963707680447e+04 -2.4579264808630671e-01
    8.2981079495447607e-01 2.7737536085831482e-01 8.5233185574305435e+02
    3.3088438365569090e+02 1.6039293289236592e+04 2.6724048152982227e-01
    -6.5965811951869402e-01 -1.0596890340256243e-01
    5.9935205682773471e+02 8.6897093895618093e+02 1.4975846382542359e+04
    -3.6299591317078916e-01 -2.1668935292779534e-02
    3.4289827748768716e-02 2.2494856092230198e+03 2.2861238887053041e+03
    1.8325090096989145e+04 -4.4650050095132510e-01
    8.2141277040997523e-02 4.1321726617009641e-02 1.4073131036101443e+03
    2.1263167610402429e+03 1.5383373800951269e+04
    -1.4678737197521588e-01 6.0949978575124697e-01
    5.1061240024171402e-02 2.6959911559881471e+03 7.8664177484612696e+02
    1.5222978204783743e+04 -1.6144655542368558e-01
    2.8853328479556278e-01 7.6085716676865450e-02 1.7998986951041525e+03
    -2.2092025234028088e+02 1.6418463788755187e+04
    1.4558194938945848e-01 3.7360670027766674e-01 2.5391366271965188e-01
    1.8178903651156718e+03 -3.0808702526175766e+03
    1.5372421711646099e+04 1.8475060276127309e-01 5.9462721055729051e-01
    3.2033860173159251e-01 3.2051399734915658e+03
    -2.9853259224560302e+03 1.4282000219599620e+04
    3.2512042152615502e-02 1.8799575494376905e-01 2.4969798263142082e-01
    9.3535596318662476e+02 -3.2551823856995575e+03
    1.5401989652799983e+04</data></extrinsic_parameters>
<image_points type_id="opencv-matrix">
  <rows>12</rows>
  <cols>54</cols>
  <dt>"2f"</dt>
  <data>
    1.25551599e+03 4.58735931e+02 1.32111450e+03 4.66488495e+02
    1.38782568e+03 4.74248505e+02 1.45596973e+03 4.82446686e+02
    1.52639734e+03 4.90335938e+02 1.59757568e+03 4.98685272e+02
    1.67115002e+03 5.06801208e+02 1.74536609e+03 5.15203796e+02
    1.82235083e+03 5.23393799e+02 1.26605383e+03 5.30087341e+02
    1.33054395e+03 5.38833862e+02 1.39679456e+03 5.47017822e+02
    1.46412805e+03 5.56041260e+02 1.53347424e+03 5.64800415e+02
    1.60366785e+03 5.74005859e+02 1.67648853e+03 5.82756653e+02
    1.75019031e+03 5.91833862e+02 1.82641699e+03 6.00265808e+02
    1.27654126e+03 5.99978088e+02 1.34084766e+03 6.09072693e+02
    1.40614746e+03 6.18187866e+02 1.47294812e+03 6.27385620e+02
    1.54156445e+03 6.36819885e+02 1.61129578e+03 6.46376099e+02
    1.68313208e+03 6.55912781e+02 1.75588013e+03 6.65624084e+02
    1.83043933e+03 6.75588867e+02 1.28681445e+03 6.68027100e+02
    1.35051404e+03 6.77743286e+02 1.41496631e+03 6.87328796e+02
    1.48119470e+03 6.97381104e+02 1.54902917e+03 7.07507568e+02
    1.61798145e+03 7.17580750e+02 1.68872156e+03 7.27967041e+02
    1.76071655e+03 7.38404602e+02 1.83446216e+03 7.48979370e+02
    1.29569800e+03 7.35430969e+02 1.35871497e+03 7.45830017e+02
    1.42329700e+03 7.55482971e+02 1.48799695e+03 7.66712585e+02
    1.55531555e+03 7.77333008e+02 1.62411035e+03 7.87734253e+02
    1.69329224e+03 7.99413940e+02 1.76486755e+03 8.09850037e+02
    1.83708435e+03 8.21711975e+02 1.30651025e+03 8.00132446e+02
    1.36909778e+03 8.10641602e+02 1.43206421e+03 8.21829529e+02
    1.49690820e+03 8.32802124e+02 1.56296899e+03 8.44518921e+02
    1.63027783e+03 8.55932129e+02 1.69963037e+03 8.67382690e+02
    1.76987354e+03 8.78830933e+02 1.84153870e+03 8.90782410e+02
    5.25415283e+02 5.82213562e+02 6.12068604e+02 5.65410767e+02
    6.96110352e+02 5.48812561e+02 7.78578247e+02 5.32927429e+02
    8.59442200e+02 5.16539917e+02 9.38036316e+02 5.01120850e+02
    1.01540247e+03 4.85285736e+02 1.09084790e+03 4.70144379e+02
    1.16438342e+03 4.54917206e+02 5.39482971e+02 6.62909485e+02
    6.25059753e+02 6.45790833e+02 7.07640320e+02 6.28403076e+02
    7.89105347e+02 6.11782471e+02 8.68884705e+02 5.95071594e+02
    9.46912903e+02 5.78906921e+02 1.02306390e+03 5.62371399e+02
    1.09766663e+03 5.46807434e+02 1.16986987e+03 5.30584900e+02
    5.52799622e+02 7.41615540e+02 6.36873413e+02 7.23578674e+02
    7.18747070e+02 7.05813843e+02 7.98708984e+02 6.88341064e+02
    8.77592041e+02 6.71073059e+02 9.54317627e+02 6.54229797e+02
    1.02993542e+03 6.37292908e+02 1.10332617e+03 6.21008972e+02
    1.17553357e+03 6.04947510e+02 5.66163696e+02 8.18315735e+02
    6.48914001e+02 7.99755676e+02 7.29559814e+02 7.81325562e+02
    8.08720703e+02 7.63531433e+02 8.86416870e+02 7.45678528e+02
    9.62205017e+02 7.28168335e+02 1.03691223e+03 7.10955811e+02
    1.10949902e+03 6.94098022e+02 1.18088708e+03 6.77452087e+02
    5.79427734e+02 8.93853699e+02 6.61149902e+02 8.74968567e+02
    7.40423279e+02 8.55363892e+02 8.19218567e+02 8.37572144e+02
    8.95828247e+02 8.19285400e+02 9.70308167e+02 8.00965332e+02
    1.04485767e+03 7.83622192e+02 1.11628430e+03 7.65867737e+02
    1.18736133e+03 7.49266113e+02 5.91433838e+02 9.66485474e+02
    6.72037903e+02 9.46685120e+02 7.50811707e+02 9.27711121e+02
    8.27975220e+02 9.08579773e+02 9.04065063e+02 8.90228943e+02
    9.78084961e+02 8.71864380e+02 1.05070532e+03 8.53440918e+02
    1.12187964e+03 8.35646484e+02 1.19165723e+03 8.18104797e+02
    5.76323547e+02 1.01147589e+03 6.54651123e+02 1.00485822e+03
    7.31130188e+02 9.98397644e+02 8.06348938e+02 9.91724426e+02
    8.80516418e+02 9.85583923e+02 9.52680054e+02 9.79618774e+02
    1.02432898e+03 9.73672302e+02 1.09388745e+03 9.67434692e+02
    1.16254492e+03 9.62287903e+02 5.89563538e+02 1.07358618e+03
    6.68672607e+02 1.06571094e+03 7.45800049e+02 1.05905518e+03
    8.21733154e+02 1.05168140e+03 8.96639160e+02 1.04463916e+03
    9.69610474e+02 1.03767139e+03 1.04155835e+03 1.03187476e+03
    1.11189807e+03 1.02509290e+03 1.18091626e+03 1.01979749e+03
    6.02951355e+02 1.13739978e+03 6.83083923e+02 1.12934827e+03
    7.60898865e+02 1.12162036e+03 8.37385010e+02 1.11394043e+03
    9.12785828e+02 1.10649780e+03 9.86404480e+02 1.09930591e+03
    1.05907129e+03 1.09208972e+03 1.12993481e+03 1.08515417e+03
    1.19980298e+03 1.07848303e+03 6.16874390e+02 1.20246362e+03
    6.97571045e+02 1.19395312e+03 7.76177490e+02 1.18530396e+03
    8.53443848e+02 1.17726978e+03 9.29606934e+02 1.16901501e+03
